0.677585000000000
0.675834000000000
0.672321000000000
0.665474000000000
0.655211000000000
0.642248000000000
0.625151000000000
0.598770000000000
0.547187000000000
0.410339000000000
-0.245346000000000
-1.33092000000000
-1.66088000000000
-1.84360000000000
-1.91365000000000
-1.94614000000000
-1.95990000000000
-1.96617000000000
-1.96900000000000
-1.97032000000000
-1.97093000000000
-1.97121000000000
-1.97133000000000
-1.97135000000000
-1.97129000000000
-1.97115000000000
-1.97091000000000
-1.97059000000000
-1.97027000000000
-1.97000000000000
-1.96972000000000
-1.96921000000000
-1.96800000000000
-1.96602000000000
-1.96094000000000
-1.95200000000000
-1.94031000000000
-1.92545000000000
-1.90436000000000
-1.86751000000000
-1.78088000000000
-1.35369000000000
-0.0730590000000000
0.315631000000000
0.530026000000000
0.612208000000000
0.650308000000000
0.666372000000000
0.673669000000000
0.676974000000000
0.678526000000000
0.679260000000000
0.679609000000000
0.679764000000000
0.679813000000000
0.679785000000000
0.679684000000000
0.679493000000000
0.679211000000000
0.678883000000000
0.678585000000000
0.678319000000000
0.677940000000000
0.676951000000000
0.674278000000000
0.669451000000000
0.660675000000000
0.649104000000000
0.634413000000000
0.613704000000000
0.578048000000000
0.497416000000000
0.245864000000000
-0.928993000000000
-1.51438000000000
-1.77266000000000
-1.88467000000000
-1.93315000000000
-1.95427000000000
-1.96362000000000
-1.96784000000000
-1.96978000000000
-1.97068000000000
-1.97110000000000
-1.97129000000000
-1.97135000000000
-1.97133000000000
-1.97123000000000
-1.97104000000000
-1.97076000000000
-1.97043000000000
-1.97013000000000
-1.96987000000000
-1.96951000000000
-1.96874000000000
-1.96710000000000
-1.96407000000000
-1.95685000000000
-1.94649000000000
-1.93338000000000
-1.91605000000000
-1.88901000000000
-1.83498000000000
-1.67671000000000
-0.643994000000000
0.151442000000000
0.438707000000000
0.577292000000000
0.634094000000000
0.659517000000000
0.670539000000000
0.675553000000000
0.677858000000000
0.678944000000000
0.679460000000000
0.679700000000000
0.679797000000000
0.679808000000000
0.679745000000000
0.679601000000000
0.679362000000000
0.679046000000000
0.678727000000000
0.678453000000000
0.678162000000000
0.677585000000000
0.675834000000000
0.672321000000000
0.665474000000000
0.655211000000000
0.642248000000000
0.625151000000000
0.598770000000000
0.547187000000000
0.410339000000000
-0.245346000000000
-1.33092000000000
-1.66088000000000
-1.84360000000000
-1.91365000000000
-1.94614000000000
-1.95990000000000
-1.96617000000000
-1.96900000000000
-1.97032000000000
-1.97093000000000
-1.97121000000000
-1.97133000000000
-1.97135000000000
-1.97129000000000
-1.97115000000000
-1.97091000000000
-1.97059000000000
-1.97027000000000
-1.97000000000000
-1.96972000000000
-1.96921000000000
-1.96800000000000
-1.96602000000000
-1.96094000000000
-1.95200000000000
-1.94031000000000
-1.92545000000000
-1.90436000000000
-1.86751000000000
-1.78088000000000
-1.35369000000000
-0.0730590000000000
0.315631000000000
0.530026000000000
0.612208000000000
0.650308000000000
0.666372000000000
0.673669000000000
0.676974000000000
0.678526000000000
0.679260000000000
0.679609000000000
0.679764000000000
0.679813000000000
0.679785000000000
0.679684000000000
0.679493000000000
0.679211000000000
0.678883000000000
0.678585000000000
0.678319000000000
0.677940000000000
0.676951000000000
0.674278000000000
0.669451000000000
0.660675000000000
0.649104000000000
0.634413000000000
0.613704000000000
0.578048000000000
0.497416000000000
0.245864000000000
-0.928993000000000
-1.51438000000000
-1.77266000000000
-1.88467000000000
-1.93315000000000
-1.95427000000000
-1.96362000000000
-1.96784000000000
-1.96978000000000
-1.97068000000000
-1.97110000000000
-1.97129000000000
-1.97135000000000
-1.97133000000000
-1.97123000000000
-1.97104000000000
-1.97076000000000
-1.97043000000000
-1.97013000000000
-1.96987000000000
-1.96951000000000
-1.96874000000000
-1.96710000000000
-1.96407000000000
-1.95685000000000
-1.94649000000000
-1.93338000000000
-1.91605000000000
-1.88901000000000
-1.83498000000000
-1.67671000000000
-0.643994000000000
0.151442000000000
0.438707000000000
0.577292000000000
0.634094000000000
0.659517000000000
0.670539000000000
0.675553000000000
0.677858000000000
0.678944000000000
0.679460000000000
0.679700000000000
0.679797000000000
0.679808000000000
0.679745000000000
0.679601000000000
0.679362000000000
0.679046000000000
0.678727000000000
0.678453000000000
0.678162000000000
0.677585000000000
0.675834000000000
0.672321000000000
0.665474000000000
0.655211000000000
0.642248000000000
0.625151000000000
0.598770000000000
0.547187000000000
0.410339000000000
-0.245346000000000
-1.33092000000000
-1.66088000000000
-1.84360000000000
-1.91365000000000
-1.94614000000000
-1.95990000000000
-1.96617000000000
-1.96900000000000
-1.97032000000000
-1.97093000000000
-1.97121000000000
-1.97133000000000
-1.97135000000000
-1.97129000000000
-1.97115000000000
-1.97091000000000
-1.97059000000000
-1.97027000000000
-1.97000000000000
-1.96972000000000
-1.96921000000000
-1.96800000000000
-1.96602000000000
-1.96094000000000
-1.95200000000000
-1.94031000000000
-1.92545000000000
-1.90436000000000
-1.86751000000000
-1.78088000000000
-1.35369000000000
-0.0730590000000000
0.315631000000000
0.530026000000000
0.612208000000000
0.650308000000000
0.666372000000000
0.673669000000000
0.676974000000000
0.678526000000000
0.679260000000000
0.679609000000000
0.679764000000000
0.679813000000000
0.679785000000000
0.679684000000000
0.679493000000000
0.679211000000000
0.678883000000000
0.678585000000000
0.678319000000000
0.677940000000000
0.676951000000000
0.674278000000000
0.669451000000000
0.660675000000000
0.649104000000000
0.634413000000000
0.613704000000000
